# Created by Octave 3.8.2, Mon Apr 13 23:59:50 2015 Malay Peninsula Standard Time <unknown@Papaya>
# name: hist
# type: matrix
# rows: 250
# columns: 12
 43.16857417302671 45.17346551855924 47.11510931937609 49.1613291280635 50.48234465394385 51.46935682410363 52.41914513387949 53.63086537381298 54.72735787595754 55.8368897695705 57.38073727165317 58.09351242280509
 43.32559041606443 45.33437386998411 47.21645714692374 49.25695157781298 50.57735758540695 51.55994762828399 52.51738382998272 53.72888454706342 54.82936478739214 55.94590219422748 57.49205485397464 58.20689089934744
 42.78553648111904 44.78723628664152 46.60246372247677 48.6677181873654 50.02477760345452 51.04047905804503 52.07900287672219 53.3455979539415 54.53601929006313 55.7469398656753 57.32301241017155 58.05296638162734
 42.82209326468033 44.82606720856656 46.58154084516385 48.64707351289933 50.01056241203101 51.028899597767 52.08859521792481 53.36530833352607 54.57564766581653 55.80981438271995 57.39355689203918 58.12810854499806
 43.40918328884557 45.41811948472159 47.11192489190275 49.13597238321514 50.46022023506504 51.4366754437191 52.43495528833505 53.65722805982157 54.79065292508912 55.949534277765 57.50437476595138 58.22630379837544
 44.52094213763765 46.54137724540346 48.17369486253472 50.1287752822408 51.38221394018439 52.28543255005308 53.16307232284173 54.28597648311344 55.27406976122988 56.28878259271615 57.79219566929039 58.49090744921695
 44.3704999795654 46.39722662664887 47.97429062729501 49.95814175169019 51.24671322149994 52.17949694417118 53.12612297915427 54.29727106743524 55.36034593031832 56.45393452046924 57.98838320294291 58.70266492300519
 44.8065069688966 46.83580236335853 48.34702926590175 50.29633945734636 51.55451277438772 52.45429360781834 53.35749211682283 54.48789540971472 55.49557548302778 56.53614231166983 58.0491956358333 58.75442626318594
 44.66377591901007 46.69285068681958 48.14254041798224 50.1007224129484 51.37551890258666 52.28803666566211 53.23196179476741 54.38707223931929 55.43707895196935 56.52344792995763 58.05128795602595 58.76447923979157
 44.49103361324566 46.51423331814036 47.89771006222269 49.85086962703349 51.12976661726131 52.0438641994449 53.01013542313794 54.17443568666742 55.24565165267697 56.35641866823067 57.88779206079219 58.60366759305997
 45.72785121563301 47.7591431205281 49.06815752341292 50.9321838989222 52.12135354721882 52.94437422706075 53.76068158344017 54.80179075115132 55.69426433797005 56.62769434416168 58.09357766488518 58.77969092589445
 45.3180968959816 47.34444214423299 48.59196972864728 50.47458265594096 51.69225199430716 52.54016518918442 53.42051774615096 54.50356273281315 55.46512139787037 56.47105897853069 57.95913469577766 58.65668093308074
 44.8622208630286 46.88894525096595 48.08256234574868 50.00329225683097 51.26791627147162 52.15778350399413 53.13117002967924 54.28019376231939 55.34479704701877 56.45788717513539 57.98435818193531 58.7009541850806
 45.35556102331978 47.38820048456675 48.5156765366396 50.40673457357759 51.6451126149116 52.50534416809104 53.44084599328377 54.55395319060106 55.56935116194976 56.63576564806369 58.14511517033668 58.85467587673591
 44.71906161878424 46.74320185488011 47.81332698303451 49.73257928431517 51.01062645029102 51.90735293660728 52.9285123426729 54.10036977681225 55.21096124669672 56.37660039880274 57.91657727444356 58.64154362968298
 44.47912377713867 46.49884219528868 47.50856809440819 49.43283390804022 50.72468552499087 51.63228559789141 52.6915345851769 53.88555755454683 55.03602254506654 56.24504701963399 57.79664799081179 58.52808821356368
 43.4630847394168 45.47369869551222 46.43789741394764 48.42228738027446 49.78740896337483 50.76458444726241 51.9690745201754 53.26978750575598 54.58716606432913 55.96919095986004 57.57988843369623 58.34015632256698
 43.87066088502976 45.88617508457442 46.78558063166071 48.74460609924281 50.08814658898418 51.04026328339081 52.21507194196085 53.48586008641129 54.76287682624035 56.10670007983472 57.70264136863974 58.45696573215781
 44.32497975361541 46.34665808215711 47.18048898482483 49.11376396913029 50.43499611655032 51.36110954597905 52.50442642596678 53.74404709136041 54.97857231784131 56.28214154228004 57.8632633023362 58.61162484012211
 44.78951427067694 46.81638369240319 47.58247769738331 49.48639038678684 50.78200934748723 51.67906497858725 52.78590136245747 53.99022221008166 55.17652755399551 56.43409447154902 57.99773011753084 58.73888128434208
 44.68655303782121 46.6999246267319 47.41613196826029 49.31687674868909 50.61705216669982 51.51586052951148 52.64362613376511 53.85693836328837 55.06314581578701 56.34387971478432 57.91216597716709 58.65650747206416
 44.26140161933438 46.2029362552566 46.92424046944495 48.83039015283662 50.14627937051977 51.05899302868923 52.23094579006191 53.4707889934183 54.7249033205515 56.05719051831018 57.63740535146488 58.3883390163919
 44.54759158699889 46.42221649524438 47.13373510852716 48.99899680463808 50.28048348980154 51.15728150437997 52.28274583358645 53.47781634046339 54.6723979484368 55.94685245511457 57.50001041764754 58.23919167670436
 44.43279418797898 46.24315552563717 46.95777387831834 48.82145222673298 50.10891977471956 50.98889033464163 52.13744306786988 53.34339451939374 54.56054031054961 55.86085545649864 57.4198276528612 58.16273504417716
 44.42458173173764 46.17487206679368 46.89371123303204 48.75862386771884 50.05359264271967 50.93744357705718 52.10939021282987 53.3271185281148 54.56694976817971 55.89339427919728 57.46053342989006 58.20829358202825
 44.65870137478067 46.35062435433225 47.06989660759331 48.92380163085247 50.21258987887578 51.08637690578468 52.25623065371607 53.4658290036043 54.69795768498766 56.01965379736626 57.58476060954852 58.33258893049202
 45.56334174258645 47.19477739893163 47.89940911076766 49.69487498957068 50.92741477805639 51.74157173107296 52.82070358252806 53.95204696264172 55.07170890428397 56.28227589076081 57.80676462102568 58.53653308078026
 45.86240523455791 47.43190032456184 48.13396983900392 49.90914082973604 51.12653751212368 51.92210466272123 52.98465864430975 54.09609395003943 55.19114833490034 56.37986332048126 57.89516368979615 58.62164047585638
 45.63925426924769 47.1436594421959 47.84956002779343 49.62590958685074 50.85274219431852 51.65528187159611 52.74790550483291 53.87543180420169 55.00127807501698 56.22400485991554 57.74693752470965 58.47797272773195
 46.41095926884647 47.85722124131306 48.55729455715424 50.30098240640616 51.49712591794115 52.26394101212096 53.30832294960488 54.39198556923997 55.45527208354078 56.61812428690004 58.12272271770701 58.846250167364
 46.27977107499829 47.65285470150763 48.34705336496113 50.06333430246513 51.24171451813921 51.99043914821917 53.02170758367436 54.08623252103831 55.13023947288118 56.27603077002907 57.76509051708442 58.48222072450916
 45.79644403530323 47.11187056194036 47.81945284041144 49.56639064577235 50.78348620444559 51.56728294628956 52.67743707668093 53.79729656271876 54.92921587034827 56.16695604426483 57.68689577395732 58.41952237470593
 46.16891933573927 47.41643228018849 48.11577303616006 49.82534369058502 51.01104230953348 51.76111538415915 52.8287897983583 53.90758429544567 54.98472429265675 56.16986119970443 57.66697089619172 58.38986262982851
 45.94516460932712 47.13215024927683 47.83738272436825 49.55446509357593 50.75518776548974 51.5173227404108 52.62321739818736 53.72502968427698 54.84246143227492 56.07127935587281 57.5808574392172 58.31058446804705
 45.67302965582233 46.79906585710636 47.50932864093195 49.23193440248976 50.44618121651035 51.21940867428047 52.36193539951974 53.48536798963576 54.6415873411572 55.9125133445904 57.43287217946209 58.16861832557315
 44.85504420383565 45.92488123148508 46.64796270965781 48.40291168748121 49.65987232485112 50.4743686026472 51.70706980345263 52.8944998255417 54.15398870566148 55.53246829463608 57.08494004069062 57.83667096570368
